-dim 134
-iFile abu_feat_val_reso
-iFileList null
-iterStart 1500
-mModel null
-mask null
-model temp_model
-modeltag null
-nGates 20
-norm null
-r null
-iterStart 10000
 weights: 
1.65775 -0.00530264 0.31298 0.432845 0.00892976 -0.266033 0.0784294 -0.0477802 0.135532 -0.0680554 0.080241 1.00938 0.28937 0.0762527 -0.256196 -0.0946401 0.268692 0.329244 0.609035 0.804678 0.794598 0.532465 -0.347071 0.923504 0.118962 0.340407 0.258013 0.410155 0.0137845 0.0369092 0.602418 0.01609 -0.0210911 -0.353167 -0.308944 0.0836583 0.381459 0.358061 0.0123487 0.97909 1.18098 -1.55989 1.19951 -0.0435291 0.389863 0.235126 0.422749 0.062514 0.00269846 0.516116 0.0986266 6.58179e-05 -0.228958 -0.18443 0.199306 0.943745 0.490494 0.201471 0.545035 1.38166 -1.60239 -0.142541 0.0347319 0.16978 -0.0501476 0.337638 0.15263 0.177728 0.853648 0.515917 0.958496 0.690837 0.60618 0.158997 -0.723488 0.545265 0.465006 1.6173 0.0664857 -1.31597 -0.28687 -0.55027 -0.0698353 0.113425 0.575197 0.501969 0.573942 1.45684 0.688395 0.732236 0.203067 0.142954 -0.0806814 -0.691642 -0.0259005 1.1526 0.807881 0.169916 -1.57629 -0.287944 -1.44606 -0.348363 0.0842114 0.662127 0.384122 0.706823 1.66531 0.826216 0.863251 -0.0703953 -0.129048 0.029245 0.845739 -0.124224 1.66117 0.302626 0.160278 -0.569742 -1.02737 -1.37105 -0.716719 -0.421172 0.493101 0.488944 0.564969 0.923338 0.576964 1.05204 0.275004 0.523473 0.70414 0.702843 -1.20658 2.11369 -1.72256 0.239698 0.965982 0.765425 0.544366 0.563117 -0.0244538 -0.684338 0.0314386 -0.79116 -1.32544 -0.0688118 -0.695458 0.0466868 -0.195086 0.262706 0.147277 0.906602 0.253873 -1.40037 0.407723 0.354545 -0.127359 -0.196236 0.0973905 -0.381503 -0.719062 0.567235 0.265853 0.310625 0.267246 -0.0571368 0.459802 0.0203187 -0.0983819 -0.29818 -0.881824 -0.108694 -0.456147 0.0108288 -0.157365 0.299918 -0.231681 -0.424456 -0.507538 -0.355428 0.306664 -0.126634 0.189313 0.150806 -0.0132692 0.189302 0.194986 -0.0314578 -0.117113 -0.0486242 -0.364904 0.127222 -0.357915 -0.362776 0.390665 0.716025 0.684547 0.184618 0.00111365 -0.0269706 -0.57729 -0.270007 -0.0127062 -0.213086 -0.150698 -0.507823 -0.490144 -0.41878 0.118673 -0.332875 1.67844 -2.57621 0.217169 0.276703 0.324997 0.0989883 0.0454416 -0.224671 0.216531 0.22733 -0.294749 -0.0861035 -0.00379527 -0.129166 -0.433807 -0.475203 0.191849 -0.398861 0.0682933 0.0943809 0.632518 -1.26035 1.0509 -0.90079 -0.0118474 -0.154018 -0.695874 0.169427 0.76205 -0.162554 0.426835 -0.126734 0.0108075 -0.361465 -0.676451 0.500504 -0.444789 -0.312775 -3.70803 1.79304 1.31009 -1.62518 -1.58518 -0.857215 -0.366047 -0.631416 -0.134685 0.0246957 -0.698834 1.00906 0.347401 0.592051 0.736274 0.653239 1.49593 0.468992 0.796082 -0.618054 0.82906 -1.30786 -0.0180499 0.591058 1.08586 -0.607704 0.122023 -0.214797 -0.300673 -0.704168 -0.745663 0.22889 -0.357421 0.10707 0.210471 0.16708 0.0485423 -0.191398 0.373341 -0.0131592 -0.825671 0.3654 -0.209119 0.053403 -0.648117 -0.0300679 -0.321072 0.00175999 0.24436 0.110679 0.145489 0.0170448 0.190725 0.0389892 -0.0115114 0.65617 -0.775717 0.0528369 0.205707 -0.209936 -0.347671 -0.508668 0.0373398 0.130435 0.0985191 0.195651 0.103868 -0.127558 0.017097 0.28042 -0.151792 0.276423 -0.2127 -0.292419 0.229244 -0.654326 0.148791 -0.303114 0.118533 -0.25572 0.0586392 0.00153605 -0.0678517 -0.348612 -0.0666353 -0.214554 -0.021737 0.280883 -0.530704 0.375295 0.161114 0.0051185 -0.218202 0.16395 0.0165424 0.279374 -0.128389 0.413819 -0.805652 0.417687 0.313108 0.160499 0.134257 0.338715 0.0944433 -0.00717145 0.300502 -0.616147 0.0306048 0.0248771 -0.504751 -0.341149 0.885032 -1.60221 -0.232037 0.226833 -0.970525 0.265655 -0.584212 0.3936 -0.674588 -0.424996 -0.160217 0.0350698 0.200645 0.417553 0.456135 0.168778 0.246324 0.00864105 -0.300829 0.630748 -0.860305 0.127177 1.25887 -1.74812 0.0932574 -1.25661 0.833107 0.335353 -0.406557 -0.238587 -0.176793 -0.439947 -0.52199 0.217938 0.0637393 0.289373 0.231168 0.726734 -0.285721 0.171231 0.300229 -0.491861 -0.459793 -0.389812 1.13474 -0.414395 -0.224136 0.201691 -0.0341557 -0.0188478 0.224412 -0.198503 -0.253948 -0.0373754 0.091533 -0.046054 -0.217988 -0.534924 0.673224 1.19935 -0.563524 1.49742 -0.709906 -0.482643 -0.254154 0.063638 -0.146048 -0.0118809 0.0534939 0.2771 -0.331627 -0.180942 -0.41113 0.270439 -0.296129 0.14254 0.453592 1.49779 -0.941651 -0.0770687 0.855114 -0.0161317 -0.616412 -0.0884492 0.433956 0.215253 0.360917 0.465907 -0.141262 -0.0992357 -0.0417436 -0.145381 0.346194 -0.156167 -0.189363 0.184577 0.636623 -1.37651 0.418539 0.650164 -0.314221 -0.0174662 -1.06565 0.0371884 -0.18499 0.0722759 0.716371 0.355094 0.560693 0.357687 0.390153 -0.419811 -0.00158416 -0.0866487 -0.0787121 0.825839 -1.43756 0.2683 0.314728 0.57002 -0.583054 0.175207 -0.0965432 0.248141 0.934031 0.137318 -0.364577 -0.271263 -0.432202 -0.280576 0.012512 -0.751977 0.350343 0.221129 0.548937 -0.0744598 -0.0135182 -0.645541 0.793223 0.28424 -0.820497 -0.694405 -0.508958 0.649074 0.237583 0.356676 0.61949 -0.277877 -0.187972 0.355061 -0.276368 0.300786 -0.113917 0.2792 0.211136 0.0737913 0.521198 -0.140478 -0.0908207 -0.915761 -0.364072 -0.491117 -0.26453 -0.665141 -0.132881 0.00174646 0.547382 0.798628 0.674465 0.284778 0.629502 -0.0928717 -0.452687 0.670507 0.266353 0.276015 1.04426 -0.996093 -0.33558 2.42824 1.20135 -0.180688 -0.107711 0.173184 -0.657485 -0.184468 -0.46022 -0.599523 -0.269483 -0.481524 -0.349179 0.0846772 0.548881 -1.28928 0.379803 0.663705 -0.49574 -0.437267 0.176836 0.921168 0.361646 0.234839 0.16775 -0.731266 -0.252046 -0.260344 0.0052713 0.0570909 -0.399203 -0.65541 -0.421032 0.777196 -0.375502 -0.217574 -0.263622 -0.108227 0.0191399 -0.164913 0.0501377 -0.633438 -0.0724344 0.303225 -0.510048 0.198654 0.00851213 0.0638131 0.29062 -0.397768 -0.346504 -0.110559 0.733512 0.294526 0.347825 0.0888939 -0.188595 -0.121164 -0.446294 -0.255365 -0.543097 0.278732 0.471542 -0.182163 0.414529 -0.0305517 0.0622948 0.418253 -0.213147 -0.146405 -0.143247 0.310856 -0.20733 0.366229 0.869828 -0.556293 -0.649384 -0.122218 0.604271 -0.669147 -0.24219 -0.051183 -0.509513 -0.0398449 -0.593169 -0.3229 0.346613 -0.0438287 0.225427 0.507458 0.713533 -0.198198 -0.27006 -0.283005 -0.644946 0.61095 -0.991221 0.275735 -0.293229 -0.0499315 -0.133781 -0.682678 -0.516911 -0.46675 0.141533 0.466921 0.207637 0.377559 0.59486 0.750063 0.171072 0.181974 1.34257 -0.910601 -0.711888 -2.33604 0.232716 -0.180428 0.161785 0.281445 -0.138198 -0.117009 -0.0218623 0.120934 0.566119 0.230522 0.326855 0.404313 0.705868 -0.637557 0.322454 -0.264629 -0.198642 -0.593071 -1.1642 -1.44635 -2.22983 -1.33874 0.136948 0.80472 0.95704 1.41619 0.0665453 -0.571191 0.282026 -0.0346399 -0.411254 0.484174 0.88275 -0.943332 0.241211 0.712936 -1.42552 -1.1866 -1.12079 -0.757613 0.152548 -0.0196314 -0.125892 -0.684637 -0.342347 -0.471101 -0.659177 0.280961 0.61178 0.392289 0.976372 0.950304 -0.9856 0.854409 -0.295355 -1.18716 -0.451044 -0.673184 -0.0953758 0.626414 -0.195242 -0.136974 -0.496102 -0.404914 -0.328004 -0.842588 0.3395 0.555407 0.311351 0.788178 0.774804 -2.14274 0.0221349 -0.73294 -0.42245 -0.909017 -1.68948 0.35836 0.40255 -0.0192754 0.0692147 -0.0769258 -0.0419294 -0.112736 -0.11713 0.209771 -0.514002 -0.757161 0.127731 1.07048 -0.942157 0.378299 -1.33069 1.33525 -2.05801 0.00458217 0.302144 0.568601 0.339199 0.393722 -0.287158 -0.0817611 0.220958 -0.422602 -0.183604 -0.380985 -1.43358 -1.02694 0.483863 -0.484592 -0.518758 -1.19256 -0.0313001 -0.708478 -0.37562 0.228488 0.30787 0.201514 0.0654109 -0.013865 0.576577 0.427191 -0.912342 -0.0999377 -0.0598278 -1.43785 -1.0267 0.545115 -0.48024 0.295208 0.932435 -2.65036 -0.295426 1.57147 -1.1662 -1.41475 -0.463384 0.328421 1.45405 1.69265 0.846467 -0.479882 0.118594 -0.118092 -1.54596 -1.69236 -0.0681048 -1.06521 1.15698 -1.96721 -0.121559 -0.0746991 0.531101 1.35803 0.455092 -0.0532462 -0.0159534 -0.145654 -0.178804 -0.248711 -0.0786653 -0.152975 -0.119447 -0.374652 -0.454005 -0.217781 -0.0372376 0.543646 0.260458 0.0621404 0.163404 0.108842 0.776248 0.455264 0.160826 0.120892 -0.0221084 0.0488609 -0.0384473 0.0351728 -0.115464 -0.0537836 -0.147474 -0.384148 -0.327997 -0.136529 0.12089 0.282834 0.0102156 0.266637 -0.0154046 0.115182 0.495912 0.275052 0.21811 0.073806 0.100084 0.0445369 0.0556629 -0.0821207 0.034477 -0.0905646 -0.329993 -0.34047 -0.133667 -0.156393 -0.545819 0.2635 0.392652 -0.391973 -0.857488 0.6231 0.519134 0.30741 0.115626 0.157255 0.0624603 0.0430489 -0.0258455 0.0147638 0.00753023 -0.0731236 -0.0947501 -0.207085 -0.0142467 2.11543 0.174564 0.750858 -0.660603 -1.26643 0.255716 0.316957 0.411152 0.301407 0.313129 0.238067 0.198211 0.165057 0.119841 0.0323026 -0.0951118 -0.127463 -0.203131 -0.294173 -0.129811 0.0982982 0.644977 -0.422395 -1.10407 -0.0262528 -0.144468 0.18986 0.279633 0.356152 0.279034 0.232651 0.326959 0.254067 0.0812446 -0.00716631 -0.130105 -0.145433 -0.102343 -0.837004 -0.442284 0.288427 0.511792 -0.899749 -0.199682 -0.232399 -0.00804865 -0.00837729 0.175568 0.11181 0.1502 0.0686401 0.171724 0.243432 0.0602411 0.0552524 0.214861 0.422986 0.908027 0.280688 1.83032 -2.18083 -0.629396 0.472339 -1.81086 -0.0859656 -0.199145 -0.961586 -0.0986667 -0.863841 1.16172 1.43999 0.46642 0.174564 0.246374 -0.630499 -0.699317 0.445826 -0.139023 0.459758 -1.61604 0.17338 0.216033 -1.75076 -0.472464 -0.208021 -0.534362 0.799446 0.559776 0.83325 0.220595 -0.608193 -0.151587 0.413251 0.259994 -0.715774 0.101451 0.464864 0.504058 -0.888991 -0.642504 -1.21494 -1.27302 -0.0360234 0.0973066 -0.20214 0.361085 0.364097 0.728352 0.253381 -0.607392 0.139365 0.409808 0.44772 -0.0735552 -0.269906 0.208554 -0.889085 0.318663 -0.404422 -1.54549 -0.467971 0.119434 -0.0387997 0.0676636 -0.173371 0.0114626 0.495522 -0.287923 -0.319392 0.793022 0.186601 0.26679 0.236027 -0.443632 0.436035 -1.09219 0.902919 -0.708357 -1.53238 -0.675739 -0.0852749 -0.245224 -0.280187 0.217003 0.290801 0.270001 -0.287304 -0.319403 0.581144 0.48401 0.782481 1.00881 -1.10477 -0.200134 1.08442 -1.93288 -0.116646 -2.96377 -0.168286 -0.04191 -0.157273 -0.195069 0.501614 0.549977 0.00803422 0.349207 -0.0169356 0.596264 0.115178 0.510946 0.908138 -0.953418 0.580148 0.875157 -2.37981 0.47589 -1.08102 -0.544094 -0.164641 -0.487597 -0.658148 -0.684282 -0.551726 0.255788 1.84537 0.808168 0.892098 0.245354 -0.0566457 0.0357586 -0.733683 0.0323118 -1.00511 0.88213 -1.56584 -0.0740862 0.269956 2.03054 -0.0393721 0.201588 -0.190386 -0.710747 -0.796743 0.0671599 -0.34656 -0.703298 -0.474428 -0.672306 -0.727706 -0.0981152 1.60681 -0.0981143 2.03506 -1.73841 -0.909484 -0.700251 0.067443 -0.0546969 0.44506 0.361311 -0.317959 -0.272948 0.400894 0.0249052 -0.405855 0.396661 0.0428519 -0.487608 0.367226 -0.620055 0.373084 -0.455165 0.622066 -0.8487 -0.223522 -0.996484 0.381726 0.398827 0.401724 0.0697362 0.0617294 0.418978 -0.364596 -0.273177 0.0480557 -0.276986 -0.669553 1.27231 -0.784904 0.0050926 -0.0520267 -0.194102 -0.438499 -0.927822 -0.773906 0.394818 0.0519629 0.21672 -0.236293 -0.158693 0.038327 0.381373 0.267869 0.14755 0.615396 -0.0358954 -0.132762 -0.682096 0.192916 0.917559 -0.154103 -1.38251 0.498847 -0.0993092 0.283501 0.370487 0.223611 -0.00148602 -0.290801 -0.480549 -0.00458839 0.299961 0.151106 0.275025 -0.360274 -0.709091 -0.864502 0.241476 -1.23526 0.961708 -0.425302 1.2752 0.437566 -0.21397 0.273842 0.169678 0.0840718 -0.36139 -0.741883 -0.172358 0.144637 -0.127646 0.0979921 -0.53494 -1.07582 0.145686 -0.205077 -0.262324 -1.94941 1.62305 0.283119 -1.89662 -1.11516 -0.0674584 -0.0404884 0.0369403 -0.228621 -0.908515 -0.259309 0.107986 -0.265208 0.281139 0.125254 -0.408481 3.50725 -0.835394 -0.633419 -0.500893 0.205045 -1.10268 -1.12963 -1.14809 0.333839 0.0249987 -0.599435 -0.334207 -0.959111 -0.717052 -0.207329 0.0367197 0.37559 1.02908 0.503769 0.530944 0.819949 0.0907617 0.444946 -0.300557 -1.43623 -1.04301 -1.50876 -0.0861425 -0.121412 -0.289554 0.15278 -0.131018 0.0241717 0.322895 0.541017 0.631382 0.607251 -0.11268 -0.262598 -0.0649653 0.202736 -0.367302 -0.683165 -0.232947 0.27729 -1.41436 -0.247718 -0.162915 -0.204848 0.262144 0.0485828 -0.0459749 0.348674 0.123878 -0.131896 0.253026 -0.246294 -0.0215609 -0.065164 -0.0899363 -0.899417 -0.353125 -0.0579166 0.0929616 -1.65244 -0.391111 -0.390342 -0.0454809 -0.0413217 0.170786 0.0951851 0.0914315 0.0797024 -0.347516 0.39436 0.0512908 0.469761 0.171162 0.0830902 -0.85792 -0.344968 -0.141663 0.147152 -1.45841 -0.0847736 -0.183791 -0.069222 0.0779862 0.0223517 -0.115952 -0.313896 -0.0200103 -0.386973 0.0939311 0.109586 0.766787 0.0397342 -0.287222 -0.145054 -0.389197 -0.84036 0.322044 -0.932345 0.115976 -0.00184803 0.0113054 0.242305 0.108337 -0.202393 0.119464 -0.111512 -0.373604 -0.131261 -0.565775 -0.84108 0.837292 0.405737 0.273052 -1.08845 -0.645008 0.960406 -1.38613 -0.270211 -0.462171 -0.335665 0.224726 0.39052 -0.278208 0.611893 0.195542 -0.401688 -0.163875 -0.0229703 -0.757234 0.264217 0.0677317 -1.36301 0.393012 -1.51278 0.7596 -1.24512 -0.25075 -0.295707 -0.771575 0.0201093 0.197931 0.379685 -0.0817479 -0.0204045 0.161966 0.272509 0.101855 -0.117274 1.72954 -0.570429 0.393583 -0.156561 -0.770674 0.539525 -0.363615 0.337256 -0.0580628 -0.517627 0.499365 0.361292 -0.070818 -0.25093 -0.209798 -0.139028 0.0973452 0.175661 -0.22172 0.645551 -0.882833 0.227139 0.503305 -0.312487 -0.647317 0.467119 0.690003 0.431465 -0.392148 0.187299 0.199407 0.0126581 -0.222479 -0.363386 0.0170625 0.0929843 -0.0645129 -0.798747 0.251456 -0.829924 -0.0990767 -0.421788 0.111672 -0.0985926 0.336337 0.486703 0.153183 -0.496716 0.233111 0.346817 0.232183 0.263484 -0.426807 0.103597 -0.0933976 -0.418944 -1.31724 0.325786 -0.263497 0.108388 -0.521468 0.707207 -0.62469 0.633253 0.417529 0.342147 -0.143209 0.360274 0.122503 -0.364442 0.365831 0.454986 0.0303624 0.229558 0.0129847 -0.87719 -0.0515332 -1.88298 -0.319227 0.999217 -1.25028 -0.119279 -0.82457 0.566795 -0.235088 -0.38177 0.708611 0.155286 -0.274565 0.35199 0.0620098 -0.123994 -0.0849582 0.101548 -0.157743 0.633339 -0.942568 -0.0204063 1.97837 -3.07445 0.662437 -4.22762 0.163414 -0.988693 -1.17227 -0.0487186 0.418254 0.543276 0.268067 -0.459058 0.135248 0.461479 0.621111 0.844353 1.95347 0.84249 0.908259 -0.461521 0.228801 -0.337689 -0.506179 0.887402 -0.153115 -0.467042 -0.755039 -0.653074 0.532675 0.325629 0.23592 0.171759 -0.0156395 0.10711 -0.093964 -0.00859638 -0.180649 -0.340529 0.0756421 -0.441032 -0.81529 0.716298 0.36669 -0.0350365 -0.355198 -0.874491 -0.515394 0.720736 0.100696 0.183993 -0.207039 -0.155955 0.225533 0.238927 0.270008 -0.430562 -0.0864613 0.268559 -0.488257 -0.239694 0.116624 -0.905373 0.0543472 0.33113 -0.335004 -0.130966 0.689768 -0.209377 -0.0533806 -0.375896 -0.146848 0.342538 -0.0587095 0.103464 -0.149512 0.449837 -0.183346 -0.131642 -0.186598 -0.236096 0.866754 -0.461772 0.185048 -0.224821 -0.0643248 0.632589 -0.422946 -0.411603 0.0590524 -0.420559 -0.12011 -0.442281 0.186999 -0.293536 0.376086 -0.0812856 -0.282957 0.135348 -0.365897 0.413716 -0.748074 0.279936 0.0240826 -0.323559 0.83508 -0.354454 -0.0939536 0.532353 -0.58809 0.0634363 -0.417933 0.183516 -0.267308 -0.231441 -0.46491 1.51355 -2.16813 0.0562323 -0.450865 -0.0885537 0.0126597 0.0376247 -0.108033 0.871979 -0.00906431 -0.0772503 0.131881 -0.587072 0.115394 -0.408365 0.0586339 -0.0802209 -0.0480839 -0.802069 1.79189 -2.8635 0.573127 -2.22132 0.578679 0.339815 -0.195441 -0.595263 0.631638 -0.0567342 0.035579 1.01327 -0.512192 -0.00447816 -0.19621 0.581731 0.48032 -0.453004 1.94593 -0.630124 -0.493795 -0.000288202 0.297479 -0.648764 0.114547 0.419593 0.68805 1.70976 -0.615126 -0.42907 -0.564365 -1.21393 -0.32818 -0.800434 -0.467968 0.402131 0.706031 0.829484 -0.258589 1.23527 -0.724015 -0.83456 -1.00845 0.739975 -0.210746 -0.245685 0.518796 -0.557733 -0.284526 -0.0385058 -0.291376 0.68069 0.314316 0.160478 0.405968 0.308188 -0.787817 0.025675 1.35843 -1.07223 -0.563676 -0.675854 0.624087 -0.742072 -0.0516224 0.536356 -0.00766294 0.115679 0.199113 0.0595754 0.697397 0.556023 0.152289 0.074136 0.0275893 -1.79795 0.511988 -0.345719 -0.152306 0.309465 -1.1438 0.0122713 -0.890142 0.106287 0.109215 -0.112184 0.283821 0.144489 0.838888 0.0965634 -0.54326 0.0681763 0.732084 0.192712 -0.00746287 0.444736 -1.56789 2.45895 -1.13366 0.597546 -0.384073 -0.61567 0.363503 0.0903064 -0.0995628 -0.168055 0.483433 0.811523 -0.293596 -0.361358 -0.529609 -0.470062 0.45974 0.0391427 -0.320679 0.0182426 0.592584 -0.784536 -0.147914 0.0754488 -0.00124758 0.138245 -0.231318 -0.763717 -0.0984878 0.564456 -0.214114 -0.254456 0.0202704 -0.313969 0.262691 1.661 -0.918265 0.276068 2.09808 -1.99906 -0.320721 -0.342499 -0.225701 0.0468634 1.26501 1.54732 0.271716 0.367176 0.386824 -0.143849 -0.344775 -0.294785 -0.408645 -0.746086 0.376879 -2.02568 0.237192 -0.222797 0.56366 -0.289061 0.811028 -2.32328 -1.13899 -0.492418 -0.797268 -0.32478 -0.122742 0.403936 0.295692 -0.28257 0.536804 0.65798 0.16411 2.25713 4.3783 -1.94138 -0.524453 1.00602 -0.858405 1.03027 -0.481652 -0.234002 0.491118 -0.169891 0.0745827 -0.143462 0.545304 0.698199 -0.0231997 0.607212 0.254703 -1.00194 0.0240263 1.55249 -1.07157 0.0486589 0.506729 0.69968 -0.0682095 -0.412791 -0.0968818 0.588093 0.063917 0.499587 0.624848 0.851461 0.597929 -0.286867 0.685163 -0.0931049 -1.05049 -0.352674 0.787189 -1.16552 0.250502 1.17863 0.0432366 -0.145376 -0.0197157 0.24735 0.639755 0.320219 0.520416 0.38512 0.601714 0.0645447 -1.08429 0.0861155 0.0386797 -0.478827 0.168661 -0.0247817 -0.366595 0.1526 1.46212 -0.164662 -0.130166 0.217937 -0.201346 0.210418 0.0686927 1.08844 0.749443 1.29193 0.296611 -1.18658 0.213547 0.0893913 -0.79514 -0.112923 0.0340259 -0.711726 0.0724816 0.353504 0.637614 0.15136 -1.40254 -0.450919 -0.105575 -0.52138 -0.092103 -0.137648 0.110428 0.284893 0.316837 1.07659 1.07277 -0.0280555 0.977029 1.30893 -1.09634 -0.164369 -0.888861 0.163276 1.88127 -2.49232 -1.73346 -1.00178 -1.27776 -1.00414 -0.59504 -0.322898 -0.273185 0.543927 1.33996 1.44045 0.304128 2.01947 3.77126 0.444768 0.382843 1.20303 -1.83382 0.231652 0.490243 -0.43323 -0.765843 -0.399562 0.541585 0.447066 0.417459 -0.12787 0.347708 -0.00225494 -0.202933 -0.415844 -0.699999 -0.691776 -0.466185 1.39891 0.0350877 0.148857 -0.210194 -1.08225 -0.375714 1.667 -0.522603 0.371233 0.281752 0.591879 -0.0224897 -0.193339 -0.153163 -0.527805 -0.148972 -0.195549 -0.133111 -0.844858 -0.797977 -0.0584007 -0.264138 -0.659855 -0.385194 0.0876007 0.27322 -0.213058 0.230708 -0.40956 0.112907 0.0913045 -0.00999176 -0.0168821 -0.272548 0.239393 -0.0352339 0.104296 -0.533454 -0.786287 0.114596 -0.687794 -0.409819 -0.0133223 0.25588 0.672978 0.81861 0.924419 -0.210729 -0.114551 -0.242993 -0.355919 0.0779221 -0.274463 0.102066 -0.865265 -0.805121 -0.737652 -0.520106 -0.264225 2.05582 -3.33619 0.0313265 1.9747 0.71478 -0.147783 -0.219975 -0.232564 0.0118066 0.0405199 -0.563719 0.277527 -0.482989 -0.477565 -1.1909 -0.615219 -0.137341 -0.16249 -0.338953 -1.30696 2.54239 -2.42452 -1.47211 -0.931161 -0.886459 -0.837371 -0.565816 0.0253219 0.20836 -0.402803 0.79168 0.441906 0.363575 0.476037 1.32918 0.899197 -0.667006 -0.294089 -3.0621 0.254814 1.55703 -0.295216 -1.21813 -1.3965 -0.453953 -0.122119 -0.49258 -0.16944 -0.735186 -0.404319 0.609294 0.368963 -0.0132138 1.45516 0.871728 0.739365 0.973073 -1.20501 -0.854614 0.614015 1.01517 0.481564 -0.664912 -1.11071 -0.443362 -0.733256 -0.0450306 0.156913 0.408454 0.857218 0.432295 0.0137887 -0.382091 0.57862 1.12387 0.0824419 -0.0342335 0.4224 -0.163752 0.445083 0.207448 0.361613 0.249288 0.122619 -0.171792 -0.207039 -0.00594598 0.0411433 -0.153438 0.104728 0.158905 -0.523785 -0.148859 0.847835 -0.180179 -0.1468 -0.00467899 0.398917 0.423395 0.704547 1.13777 0.233589 0.229156 -0.0441435 0.277822 0.0465102 -0.0228748 -0.307693 -0.0328289 -0.222246 -0.693642 -0.425973 0.777351 -0.936011 0.182147 0.224169 0.128412 0.378669 1.05441 0.349547 0.0142209 0.541966 0.285461 0.345192 -0.117982 -0.33236 -0.303805 0.0235407 0.157247 -0.263078 -0.271029 0.467973 -1.22017 -0.194703 1.10014 -1.0386 0.586075 -0.808499 0.391573 0.349678 0.144991 -0.170567 0.176094 0.0938456 0.0574381 -0.149021 0.429485 0.491588 0.191142 0.101713 0.502392 -1.06851 0.469005 0.033767 1.3636 -0.672133 -2.04587 0.596885 0.665246 0.388754 -0.559469 0.177066 0.222125 0.307879 0.547434 0.653376 0.346539 -0.0886715 -0.098542 0.158906 -0.720318 -0.285359 -0.838598 0.64212 0.9388 -1.69039 0.218127 -0.355295 -0.631731 -1.4788 0.283931 0.370154 0.180427 0.310905 0.557145 0.609426 0.0280377 0.57383 1.22204 0.495717 -0.26088 0.767706 0.270966 -0.199331 0.259418 1.79681 1.18346 -0.0234459 -0.0521435 0.0982128 1.17617 -0.201281 -0.127262 -0.3929 -0.633344 -0.12122 0.17859 -0.388511 -1.06429 -1.27456 0.445992 0.0449726 0.072927 0.109002 -0.801304 0.0552241 0.24486 0.170364 0.106234 0.413022 -0.443666 0.154073 0.426375 -0.511862 -0.237553 0.504926 0.577193 -0.406619 -0.072419 -0.0345887 -0.576311 -0.0660643 0.862724 -0.324322 0.283105 0.145951 -0.418768 -0.252571 -0.323445 -0.661706 -0.00884149 0.468327 -0.572502 -0.17194 0.647887 1.24371 0.27403 -0.0687924 0.267931 0.762152 -0.051081 -0.388059 0.083687 0.559822 -0.0132931 -0.105184 -0.22555 -0.414311 -0.574159 0.0967135 0.308883 -0.38836 -0.768069 -0.434462 0.378882 1.0354 0.598084 0.340743 0.57441 0.920384 -1.1456 0.119857 0.126948 -0.589407 -0.405927 -0.0824036 0.270191 -0.209674 -0.0518847 0.630895 -0.397935 0.589436 -0.165785 -0.206271 0.616031 -0.105672 0.193287 -0.748647 1.15619 -0.208752 -0.0399749 0.401745 0.50733 0.0178324 -0.201803 0.401574 0.457231 -0.180551 0.418936 -0.478693 0.00362545 0.0208952 -0.550576 -0.111906 -0.46251 -0.278966 -0.0817034 -0.230234 0.545642 -0.90412 -0.158516 -0.0750549 0.241466 -0.186786 -0.349967 0.212812 0.164179 0.655699 0.276838 0.0647274 -0.197467 -0.0228019 0.344526 0.18264 -0.418936 0.298155 1.22338 1.00143 -0.936673 -2.74336 1.17818 0.0580037 -0.0204047 -0.0828984 0.376116 0.369561 0.4796 1.09067 0.150212 -0.209716 0.314782 0.897029 -0.0062045 -0.431248 -0.608812 0.792855 0.44727 0.0720266 -0.635794 0.431163 0.346038 0.0770375 0.140098 0.695063 0.554408 0.361022 0.636251 0.193852 -0.0634753 0.0792355 0.0589882 -0.619643 -1.05545 -0.288706 1.16357 -0.765662 0.811506 -1.53701 -0.704286 0.550273 0.321968 0.312429 0.865727 0.613207 0.539989 0.774082 0.37875 0.22972 0.284395 0.0712599 -0.593094 -0.868214 1.01239 0.82909 0.262501 0.146882 -1.31571 -1.29266 0.246478 -0.0867753 0.0351836 0.726671 0.750895 0.565735 0.0623212 -0.287216 0.675831 1.78473 1.94953 -0.216327 -2.16006 0.2587 -1.24287 3.88004 -1.3524 1.16805 0.0280374 0.66533 0.591949 0.72148 1.34575 0.829294 0.528936 0.983094 -1.37007 -1.68594 -0.904194 -0.744853 -1.0607 0.0865888 -0.301158 0.783172 0.974219 -0.436971 1.19478 -0.270691 0.432564 0.372027 0.53937 0.956016 -0.118337 0.438027 1.56262 -0.542155 -1.34499 -1.39344 -0.730069 -0.129267 0.221801 -0.000161747 2.06431 -1.36073 0.515592 -1.48936 -1.0106 1.06085 0.0811171 -0.0296724 0.549738 -0.570741 -0.100049 1.23662 -0.296462 -0.448556 -1.15557 -0.695617 1.14994 2.96165 0.180918 1.26615 0.398054 -0.954286 -0.123843 0.60271 -0.633181 -0.0788147 0.257283 -0.150496 0.650902 0.518162 -0.11213 -0.161325 -0.130074 -0.371859 -0.260377 -0.0832147 -0.745092 -0.181494 -0.041051 -0.970443 -0.0602104 0.344212 0.819229 0.590402 -0.335241 0.0913521 -0.0463463 0.0255971 -0.633536 -0.309362 -0.0194371 -0.359301 -0.378269 0.117257 0.107937 -0.336918 -0.0484753 0.0831167 0.155801 -0.341019 -0.577283 -0.327826 -0.048622 -0.154438 0.0247131 -0.184116 0.0856265 -0.659748 -0.218261 0.167891 -0.186039 0.0396649 0.560039 -0.216985 -0.22796 0.660931 -0.0829055 -0.236684 -0.0333623 -0.407874 0.271818 -0.235904 -0.0820503 -0.55788 -0.28203 -0.140788 -0.558244 0.300913 0.144687 -0.592683 0.206561 0.3006 -0.32463 0.516834 0.265586 0.0369659 -0.740353 0.0877291 -0.0867988 -1.1318 -0.45694 0.219463 -0.16365 0.174932 0.434987 0.150657 0.551648 0.248525 -0.74795 0.502001 0.622997 -0.317963 -0.0520609 -0.518441 -0.012769 0.24319 -1.47283 0.631404 -1.02481 0.330377 0.0909787 -0.28692 -0.119471 0.172814 -0.525417 0.124285 0.426672 -0.143596 0.74665 -0.105943 -0.216379 0.599349 -0.702644 0.406964 0.626212 -0.583109 -0.712232 2.18239 1.63867 1.76922 0.269448 -0.2113 0.0559781 -0.476318 -1.10308 0.0457098 -1.1319 -0.495029 -0.949405 -0.960873 -0.644592 -0.621687 0.0458683 -0.738167 -0.313695 0.220445 -0.0827211 -0.585722 -0.451483 -0.0103589 -0.431199 -0.138289 0.0480659 0.409619 0.428815 -0.219292 -0.277185 0.0209101 0.507508 0.0245664 0.462315 -0.0761834 0.0185835 -0.725748 -0.0197903 0.529566 0.362531 0.0604748 0.12217 -0.329617 -0.244171 -0.221972 -0.11315 0.0164348 0.114781 0.247858 0.356075 0.495965 -0.524908 -0.289924 -0.333635 0.247637 -0.0259181 -0.189437 0.0789562 0.0400103 -0.00168908 -0.531513 -0.337224 -0.0897956 0.202369 0.352542 0.0469514 -0.368288 0.0427053 -0.10834 0.383849 -0.179765 -0.367134 0.704 -0.440185 -0.360213 0.165017 0.020021 0.773902 -0.0116642 0.0470602 -0.158003 -0.00512016 0.254131 -0.373281 -0.393988 0.174258 -0.57302 -0.187201 0.0145927 -0.543407 0.56399 0.0676659 -0.216287 -0.289112 -0.440759 0.534563 -1.80561 -0.154732 -0.338102 -0.78427 0.123385 0.225117 0.240099 0.26909 0.817927 -0.123385 0.751319 0.734056 -0.0279268 0.574536 -0.781848 -0.0858597 1.66734 -1.76206 -0.11882 -0.572146 0.567997 0.718876 -0.467468 -0.131337 -0.227814 -0.530765 -0.293177 0.498505 -0.222404 0.448323 -0.106212 -0.59281 0.92893 -0.0674964 0.120253 0.221045 -0.750198 0.334594 0.170751 -0.695624 0.870838 0.115267 0.604251 0.948241 0.593005 0.190741 0.37691 -0.969757 -0.280833 -0.521984 -1.18967 0.449084 -0.652623 0.647639 -0.147761 3.65038 4.52843 -10.4019 -9.26778 3.68466 2.00704 2.01477 3.18816 9.88249 6.61952 4.80558 2.93933 4.97583 5.26739 -7.9828 3.49668 -9.04434 3.43083 8.53467 -8.127 -3.19179 
