-dim 154
-iFile abund_feat_wind_rand
-iFileList null
-iterStart null
-mModel null
-mask null
-modeltag null
-nGates 20
-norm null
-r null
-iterStart 5000
 weights: 
0.741232 -0.617536 -2.21095 -0.122928 -0.0443171 -0.183065 -0.24431 0.171163 -0.288374 -0.708383 -0.663205 -0.0534927 0.523637 -0.50255 -0.164896 0.225653 2.39228 -0.766142 -1.6266 0.358172 0.0553902 0.088566 -0.122549 -0.414449 0.146286 -0.350718 -0.579342 -0.194012 0.0535612 0.274536 -0.269666 -0.0204266 -0.439869 -0.741201 -0.863229 -1.10425 -0.0866293 -0.0953188 -0.0471349 -0.289643 -0.435689 0.0891789 -0.215439 -0.524979 -0.0757245 -0.0903558 -0.0634417 -0.0732147 0.167241 -0.322475 -0.242907 -0.835043 -0.745271 -0.349746 -0.161744 -0.187827 -0.391073 -0.383732 0.195322 -0.119966 -0.360417 0.00674211 -0.235326 -0.0844015 -0.0400552 0.136556 -0.315305 0.209882 -0.707901 -0.597163 -0.59139 -0.271175 -0.33007 -0.506941 -0.311827 0.378205 -0.0565873 -0.249284 0.0242219 -0.250147 -0.214618 -0.0107577 0.216412 -0.258943 2.01191 -0.791071 -0.651926 -0.475578 -0.410197 -0.5154 -0.693417 -0.302799 0.476243 0.00571246 -0.256987 0.085063 -0.223192 -0.196412 0.0250335 0.191521 -0.309421 0.33463 -1.00085 -0.654897 -0.283979 -0.493456 -0.597051 -0.760643 -0.184896 0.605312 0.0776182 -0.103536 0.0980537 -0.195724 -0.197962 0.102545 0.139493 -0.2973 -0.289339 -0.781755 -0.834664 -0.245781 -0.626009 -0.770623 -1.00639 -0.0433187 0.847165 0.146567 -0.0329494 0.294593 0.0790721 -0.0153017 -0.143675 -0.145691 -0.500325 0.962139 -0.929408 -1.59471 0.658715 -0.802004 -1.17341 -1.32211 0.362383 1.195 0.086456 0.0127137 0.468466 0.459942 -0.159485 -0.586147 -0.687518 0.23717 -3.75614 -1.94964 -0.155833 -0.68628 0.986111 0.144451 0.0560308 0.27149 -0.567206 -0.598582 -0.544471 0.127304 -0.207822 0.0938404 -0.168111 0.316351 -0.254235 1.36501 0.209896 0.681499 0.153972 -0.625981 0.210992 0.221735 0.123901 0.0142257 -0.244623 -0.0818693 -0.154773 -0.432768 0.0425487 -0.0563514 0.179542 -0.234998 0.593358 -0.066915 0.66979 -0.0949613 -0.292464 0.226575 0.148508 0.0830242 0.059337 0.0652747 0.175986 -0.0821084 -0.132142 -0.0442127 -0.119817 -0.0893609 -0.158638 0.0246007 0.0373425 0.379693 -0.0046241 -0.135526 0.263476 0.188736 0.10265 -0.0123908 -0.0370087 0.0902614 -0.0348905 -0.0309728 -0.0350505 -0.0907008 -0.0351964 -0.0525557 -0.0754697 0.0147834 0.0501538 0.125861 -0.018184 0.20189 0.115009 0.101722 -0.0363302 -0.0391759 0.024152 -0.0397787 -0.000350146 0.0648069 -0.0686744 -0.127492 -0.0053085 -0.150408 -0.0142987 0.209698 0.034004 0.0637043 0.199372 0.161062 0.241277 0.0664706 -0.132938 -0.127969 -0.119271 0.032743 0.103365 -0.141889 -0.0651937 0.100347 -0.119835 0.0657985 0.268188 -0.287504 0.0986669 0.00650588 0.214083 0.270667 0.0873495 -0.051398 -0.125312 -0.137351 -0.00084441 0.0587543 -0.0927437 -0.103995 0.128541 -0.0677571 -0.0269365 0.52773 -0.241074 -0.0449725 -0.174322 0.128826 0.0615641 0.0817243 -0.0234051 -0.00351561 -0.0990203 -0.218948 0.0131248 -0.0856827 -0.147894 0.392673 0.11624 0.364514 1.79872 0.537219 -2.09856 -0.405264 -0.278413 -0.396398 -0.410107 0.423929 1.0794 0.219691 -0.159581 -0.130553 -0.274793 -0.396449 0.292761 0.537661 -0.0480428 0.222847 1.72373 0.756344 -2.56629 -0.277661 -1.10209 -0.528943 0.41171 0.533204 -0.297791 -0.212919 -0.297138 -0.272496 0.173974 0.69578 0.863286 -0.03581 -0.156178 -0.207909 -0.611548 0.65723 -0.0570348 0.3873 -0.243554 0.0838232 -0.242292 -0.434273 0.269382 0.444176 0.22349 0.286198 -0.498405 0.0948763 -0.434076 0.334151 0.0687338 -0.186275 -0.0536104 -0.117962 -0.106666 -0.378236 0.181457 -0.289753 -0.0598471 -0.00908961 -0.0887823 0.130707 0.284645 -0.0727542 0.252349 0.0933091 -0.0420589 -0.0389706 0.00790392 -0.104459 -0.00683818 -0.131149 -0.203431 0.0821153 -0.133984 0.163777 -0.0170436 -0.0566597 0.127928 0.0925106 -0.114639 0.158748 -0.0971588 -0.0108461 0.0332672 -0.0850703 -0.1402 0.226743 -0.0677865 -0.262548 0.0220335 -0.182866 0.136851 0.102321 -0.0229956 0.245712 0.0239405 -0.197469 0.0571297 -0.0837112 -0.0391443 0.173117 -0.185281 -0.210256 0.166931 0.14394 -0.195687 0.0541326 -0.0950641 -0.194093 0.0661855 -0.120054 0.0488768 -0.00855944 -0.107861 -0.042098 0.0475406 -0.0250455 0.0760727 -0.0503104 -0.215931 -0.0566258 0.153718 -0.0333858 0.0780841 -0.0607212 -0.354 0.0166908 -0.221034 -0.135515 -0.0172131 0.0926762 0.0428468 0.284478 0.0705286 0.586568 0.435679 -1.27315 0.761365 0.926307 0.34712 0.084106 -0.287481 -1.04253 0.0128622 0.148311 -0.250515 -0.181222 -0.334144 0.0641643 -0.450421 -0.352907 -1.79232 -0.21857 1.79937 0.344711 -0.282748 0.570383 0.438328 0.536953 -1.31143 -1.36234 -0.860229 -0.412844 -0.50032 0.97748 1.12496 0.707665 0.435593 -0.211483 0.141176 -0.535582 0.251995 0.191268 0.0829724 -0.130675 -0.0863236 -0.440548 -0.283698 -0.2746 -0.404694 -0.0292806 0.354514 -0.151771 0.15574 0.69959 0.797039 0.325026 -0.079864 -0.308321 0.175657 -0.0467647 -0.0856421 0.154194 -0.157728 -0.309242 -0.241591 -0.102279 0.0315046 0.357744 -0.0972202 0.0333518 0.282604 -0.513586 0.208217 -0.117176 -0.0656988 0.193144 -0.0545817 -0.217409 0.187596 0.0628769 -0.244775 -0.265246 -0.060984 0.113384 0.37279 -0.0880244 -0.15622 0.032631 -0.224318 0.164405 -0.204913 -0.0964775 0.160573 -0.0960214 -0.22102 0.210648 0.0744141 -0.185172 -0.214398 0.029577 0.0876221 0.334652 -0.0926093 -0.182556 -0.0491451 -0.0279249 0.102126 -0.134136 -0.0835936 0.175454 -0.0909797 -0.228941 0.140199 0.121144 -0.150891 -0.187623 0.0820467 0.10909 0.240581 -0.0301272 -0.174243 -0.108239 -0.0751305 0.206867 -0.0589423 -0.115635 0.107113 -0.0915971 -0.187812 0.131529 0.141717 -0.140184 -0.192153 0.0148972 0.091947 0.152842 -0.0457306 -0.0458819 -0.0505563 -0.0333768 0.160879 -0.0547517 -0.246607 0.112698 -0.118689 -0.238168 0.0284508 0.170993 -0.133059 -0.232979 0.0108304 0.0564068 0.104832 0.0401842 -0.00161738 0.0183034 0.162931 0.129764 0.0521973 -0.248115 0.0386747 -0.271286 -0.346097 -0.026349 0.257649 0.112856 -0.160213 -0.0714016 -0.0387139 -0.121114 -0.0809045 0.302307 0.370872 0.106997 -0.156756 0.284773 -0.151717 -0.0877895 -0.417186 -0.359201 0.478406 0.622128 0.383754 0.0453697 -0.27105 -0.24933 -0.394974 -0.252297 0.660546 -0.152084 -1.22035 -0.0740802 0.968446 -0.385849 -1.84525 -0.520774 -0.64339 -0.817566 -0.87371 -1.57392 -0.289542 0.0814532 0.894453 1.62943 0.396563 -0.749986 0.00916738 1.01521 0.647715 -0.465538 -0.963 0.164745 -0.508859 0.365285 -0.50495 -0.27028 0.313 0.0441762 -0.436895 -0.555177 0.154923 0.95127 -0.0158252 -0.0944152 -0.596329 0.293057 -0.626735 -0.362279 -0.268958 -0.342674 0.126396 -0.3552 -0.320171 0.113909 -0.12213 -0.24056 -0.113586 0.0905864 0.469007 -0.278253 -0.33309 -0.0862521 0.10563 -0.613852 -0.301355 -0.355471 -0.209904 0.0900868 -0.10156 -0.145515 0.177997 -0.00294744 -0.363159 -0.246376 0.00665323 0.369163 -0.132071 -0.366992 -0.176813 -0.042944 -0.479189 -0.375547 -0.455645 0.0205865 0.113881 0.352595 0.0936536 0.146352 -0.110484 -0.545198 -0.465416 -0.0571422 0.196842 -0.141003 -0.342769 -0.27688 0.00723768 -0.310718 -0.324332 -0.5723 0.0359096 0.132093 0.335594 -0.0510438 0.102743 -0.181485 -0.503343 -0.500897 -0.124773 0.214697 -0.0553365 -0.299905 -0.341967 0.00071365 -0.165867 -0.27912 -0.732781 -0.0831777 -0.0121138 0.105259 -0.34321 -0.00778983 -0.0336126 -0.289003 -0.171063 -0.126889 0.0926375 0.0826647 -0.0848828 -0.410608 -0.0711259 -0.0190159 -0.587467 -0.657476 0.487639 0.0659498 -0.140457 -0.227815 0.298347 0.290293 -0.587999 -0.725296 -0.429417 0.201121 0.0443946 0.526344 -1.02719 0.0556107 -1.29671 -0.737725 0.751696 0.673921 -0.856351 -0.334763 -0.680315 -1.81282 -0.903489 -0.174808 0.709544 0.734232 1.00735 -0.546155 1.07488 -0.124751 0.628087 -1.25119 -2.03118 0.919859 -0.59216 -0.677541 -0.848972 -1.03393 -1.01426 -0.271598 -0.139831 -0.0601487 -0.0477372 0.135198 0.37172 0.584202 0.487842 0.731511 -0.15974 -1.54748 0.551507 -0.72207 -0.327939 -0.433617 -0.624469 -0.593938 -0.155136 -0.0832366 -0.093752 -0.0946406 0.0905053 0.26941 0.27493 -0.115668 0.194709 -0.551633 -1.35455 0.545648 -0.870423 -0.252915 -0.213591 -0.404913 -0.433506 -0.113612 -0.0476324 -0.0280902 -0.0756918 0.0621734 0.273795 0.064092 -0.43684 -0.19377 -0.36792 -1.22424 0.456834 -0.935998 -0.148112 -0.218018 -0.274534 -0.298553 -0.0302813 0.020904 -0.0260117 -0.126431 0.0334909 0.241203 0.0609134 -0.467464 -0.272038 -0.39308 -1.15771 0.362334 -0.8644 -0.142457 -0.232025 -0.311013 -0.265313 -0.0451436 0.0320949 0.0148655 -0.115427 0.0574568 0.146344 0.0105175 -0.50092 -0.395261 -0.362161 -1.01218 0.0785232 -0.788726 -0.112386 -0.243716 -0.310941 -0.304801 -0.0367599 -0.0423747 -0.011317 -0.153642 0.104196 0.165561 0.017932 -0.501922 -0.276766 -0.328377 -0.948887 -0.0808865 -0.657503 -0.139292 -0.157326 -0.25494 -0.272427 -0.0559593 -0.00602486 -0.0683611 -0.154213 0.0542825 0.161895 -0.0410301 -0.424264 -0.216403 -0.375927 -0.603308 -0.270611 -0.809852 -0.271681 -0.242371 -0.393953 -0.452531 -0.169144 -0.0467021 -0.0259762 -0.118583 0.0436113 0.132185 0.0345701 -0.325744 0.165479 -0.6189 -0.347813 0.0102433 -1.26339 -0.502695 -0.589112 -0.735209 -0.765314 -0.185601 -0.118935 -0.0876674 -0.0680172 -0.00570043 0.178213 0.0569385 -0.20101 1.30223 -0.813395 -1.70346 0.265025 -1.0815 -0.601226 -0.105434 -0.324229 -0.267124 -0.368937 -0.204627 0.37961 0.649295 -0.102342 -0.467551 -0.930159 -1.15853 0.0710092 1.25647 0.287379 -0.615164 -0.296713 -0.541516 0.106367 0.116959 0.0071811 -0.543424 -0.23056 0.120962 0.134038 -0.55148 -0.203998 -0.246542 -0.0839943 -0.0696454 -0.057655 0.0581622 -0.365976 -0.519842 -0.554008 0.137451 0.0928766 0.110513 -0.333183 -0.309619 -0.068235 -0.0237691 -0.41642 -0.27591 -0.244646 0.169777 -0.254483 -0.147894 0.112403 -0.432895 -0.593418 -0.444899 0.0655291 0.0902996 0.101138 -0.298472 -0.265566 0.0275888 -0.0592135 -0.416702 -0.192941 -0.175657 0.28282 -0.299666 -0.369218 -0.0514991 -0.505592 -0.473111 -0.419529 0.0822871 0.158923 0.161438 -0.34039 -0.340042 0.0271655 -0.0994815 -0.367186 -0.150384 -0.0307701 0.305563 -0.457196 -0.598629 -0.0398982 -0.635927 -0.403138 -0.506805 0.216618 0.125238 0.270459 -0.280938 -0.279115 0.133668 -0.099732 -0.449411 -0.178272 -0.143998 0.310995 -0.418236 -0.63596 -0.0623766 -0.673318 -0.40028 -0.366276 0.226977 0.233105 0.321039 -0.294204 -0.274658 0.217638 -0.0827208 -0.523792 -0.283591 -0.15814 0.113543 -0.487554 -0.524498 0.158491 -0.107165 -0.652319 -0.651733 0.488633 0.402451 0.390813 -0.407353 -0.186136 0.569247 -0.100492 -0.73934 -0.438406 -0.221817 -0.349392 -0.510232 -0.427227 -0.281476 -0.658673 -0.696647 -0.145584 0.155632 -0.0668768 0.447852 -0.0881447 -0.320998 0.554148 0.258251 -0.43934 -0.74189 -0.814016 -0.71608 -0.887789 1.12743 0.844726 -1.47521 -1.02623 0.443616 0.109535 -0.334664 -0.434602 -0.733392 -0.891849 -0.296434 -0.0210059 0.230131 0.125153 0.00654506 0.302337 0.533337 0.0846493 1.18101 -1.4806 -0.511433 -0.17423 0.184355 -0.113981 -0.206179 -0.356349 -0.425438 -0.0385387 0.167505 0.277937 0.0827126 -0.017736 0.146391 0.0585976 -0.31579 0.348813 -0.159615 -0.337206 -0.105981 0.0111011 -0.0247573 -0.117718 -0.23774 -0.227801 0.0421365 0.226556 0.278509 0.215046 0.0135038 0.0692446 -0.0348683 -0.246857 -0.267728 0.428895 -0.327656 -0.0574807 -0.0600887 0.00794997 -0.0466242 -0.189703 -0.263017 -0.00381564 0.172301 0.240421 0.175609 0.0638433 0.0201668 -0.0833181 -0.19106 -0.420016 0.0224486 -0.33469 -0.0733103 -0.0353159 0.00291912 -0.0252066 -0.254881 -0.283288 0.0517813 0.2077 0.306296 0.195647 0.0740883 -0.012583 -0.0514467 -0.119152 -0.487687 -0.0226953 -0.216916 -0.177152 -0.0495338 0.0384655 -0.119699 -0.245817 -0.252836 0.0317303 0.123499 0.216346 0.143934 0.112942 0.0161421 -0.031257 0.0454323 -0.499076 0.0475382 -0.136553 -0.249832 -0.0313798 0.0282274 -0.0962152 -0.26906 -0.312509 -0.0130567 0.111321 0.202561 0.171031 0.0953579 -0.0175507 0.0204134 0.0572209 -0.44676 -0.142447 -0.0511544 -0.520712 0.121595 -0.112998 -0.233472 -0.439347 -0.567103 -0.150229 0.113293 0.150701 0.167167 0.236549 0.175097 0.111362 0.212581 -0.184153 0.210789 0.101396 -0.321178 -0.245886 -0.337994 -0.433559 -0.720707 -0.816012 -0.140598 0.0548237 0.137668 0.225679 0.43451 0.355044 0.302958 0.160561 0.496821 0.235122 -0.414449 0.00513751 0.471098 -0.737712 -0.204958 0.0219436 -0.777945 0.352548 0.103059 -0.680937 -0.305023 -0.206174 -0.326645 0.0876377 0.210098 0.795344 0.64823 0.127633 0.0583068 -0.476176 0.123168 0.123329 -0.0626608 -0.0907287 0.142238 -0.116613 -0.308967 -0.230557 -0.160934 0.138226 0.0769342 -0.191786 0.177334 0.289526 0.0858675 -0.177118 -0.11333 0.0247418 0.145486 0.17915 -0.197825 -0.0500333 -0.10551 -0.0436714 -0.0247704 -0.218406 0.0945172 0.167693 -0.0965339 -0.137559 0.0800284 0.142589 -0.148557 -0.127187 -0.0662643 0.109129 0.180529 -0.176765 -0.0774347 -0.101366 -0.0475681 0.018508 -0.0813875 0.103839 0.0918947 -0.0708918 -0.239367 0.0175706 -0.0407142 -0.165072 -0.0389444 -0.0481917 -0.0591039 0.107347 -0.0744425 -0.0201861 -0.0220871 0.0863577 0.0103424 -0.0823026 0.099347 0.0560185 -0.047764 -0.300162 -0.163024 -0.00588188 0.0217639 -0.181238 -0.0473561 -0.0588536 -0.0408951 -0.0590169 0.0353119 -0.165745 0.035127 0.00971268 -0.0202509 0.0640546 0.0447076 0.0488327 -0.226601 -0.122661 0.0713983 0.241298 -0.318671 -0.215972 0.304467 0.124158 0.0641927 0.0718744 -0.219278 0.0708413 -0.0237536 -0.123087 -0.0323351 -0.0776632 -0.0544311 -0.219968 -0.0811459 -0.0397055 0.55941 -0.187331 -0.636104 0.40465 0.0780787 0.233679 0.136357 -0.550107 -0.0712529 -0.236712 -0.10439 -0.183636 -0.299013 -0.304869 0.085714 0.507019 0.133139 -1.68265 0.85193 0.518606 0.689803 0.343305 -0.290979 0.617155 -0.838052 -0.746499 -0.549389 -0.0173727 -0.677802 -0.596566 -0.257872 1.07826 0.918388 0.194303 -0.234673 -0.488559 0.000220746 0.108149 -0.644587 -0.76647 -0.986289 -1.11515 -0.440302 -0.307307 -0.115706 -0.0672357 0.485225 0.722789 0.949679 0.298979 1.69063 -1.47982 -0.0208029 -0.427502 0.0233226 -0.326895 -0.421255 -0.513675 -0.470873 -0.144932 0.0153721 -0.0214167 -0.0491757 0.282868 0.37035 0.244401 -0.438225 1.12687 -1.18753 0.177298 -0.0292354 -0.485285 -0.191173 -0.201998 -0.247547 -0.238103 0.0904333 0.0281567 0.0287618 -0.042313 0.245518 0.326811 0.035462 -0.612446 0.434002 0.15041 0.167998 0.00502989 -0.493915 -0.165131 -0.215938 -0.230673 -0.180071 0.122 0.0611443 0.059235 0.00807563 0.228838 0.299389 -0.0047742 -0.605472 0.254622 0.169111 0.0946974 0.0227239 -0.482138 -0.15261 -0.127575 -0.208977 -0.13842 0.0407255 0.0556188 0.00148687 -0.0540775 0.199974 0.276988 -0.00113485 -0.594273 0.118283 0.206148 0.138063 -0.0526911 -0.423942 -0.141441 -0.0914088 -0.188505 -0.165981 0.105462 0.0586146 0.0654114 -0.0273368 0.186911 0.314829 0.0112255 -0.498061 0.0999777 0.128698 0.249877 -0.163907 -0.346195 -0.124549 -0.14016 -0.183767 -0.175534 0.0707735 0.0660321 0.0139738 -0.0670589 0.24071 0.244954 -0.00132229 -0.405695 0.200299 -0.103315 0.396058 -0.0996969 -0.578167 -0.22261 -0.234968 -0.400463 -0.492846 -0.0527393 0.0252703 0.00487671 0.00736644 0.23342 0.38196 0.214673 -0.258971 0.427715 -0.357548 0.633082 0.0393208 -0.974038 -0.38588 -0.513511 -0.904261 -0.879901 -0.206291 0.0383779 0.0536682 0.00371123 0.238105 0.423721 0.463339 -0.388396 1.78494 -0.696376 -0.349136 -0.054782 -0.91347 1.17014 -0.545067 -0.121772 -0.00184773 -1.13254 -0.690037 -0.818793 -0.283785 0.153262 0.196027 0.36894 1.488 0.823404 0.874079 0.196281 0.561136 -1.03931 0.712184 -0.237742 -0.00232716 0.270547 -0.243619 -0.0812432 -0.066824 0.0107669 -0.0188949 0.0397969 -0.312999 0.346924 -0.0795552 0.500344 -0.486722 0.609607 -0.607157 0.205028 -0.201215 0.0135624 0.321388 0.146924 0.127338 0.160572 0.155521 -0.117581 0.180745 -0.326232 -0.0841749 -0.186495 0.102037 0.142786 0.501897 -0.446398 0.169677 -0.139687 -0.0290167 0.319149 0.238122 0.239362 0.226096 0.0610052 -0.0739774 0.162625 -0.312677 -0.117497 -0.221172 -0.119926 -0.0514689 0.276327 -0.156528 0.114006 -0.16895 -0.0736399 0.159341 0.302964 0.2415 0.16602 0.0756194 -0.136521 0.241975 -0.13353 -0.0757489 -0.139745 -0.22831 -0.235279 0.456373 -0.603094 0.308957 -0.186648 -0.0980131 0.0480772 0.225958 0.144597 0.188196 0.0680359 -0.162756 0.221283 -0.00697051 -0.0325296 -0.0329636 -0.281886 0.191461 0.604068 -0.839168 0.391346 -0.16256 -0.174446 -0.0404667 0.188125 0.190374 0.102094 0.0432579 -0.18367 0.266528 0.0760508 0.0712491 0.00484316 -0.131763 0.4655 0.690407 -0.445424 -0.0853184 -0.289974 -0.411606 -0.472178 -0.019907 0.161125 0.0623507 0.0318878 -0.344638 0.26451 0.482102 0.412734 0.192702 0.105336 0.448969 0.71737 0.394433 -0.778248 -0.639978 -0.839599 -1.21897 -0.71567 -0.147157 -0.207883 -0.250006 -0.52319 0.0655687 0.721099 1.01293 0.261293 2.7158 -2.37073 0.238209 1.40491 -3.11494 0.765883 -0.685188 -0.938538 -0.441948 -0.519882 -0.452884 -0.0617105 0.543169 -0.488753 0.261026 0.67649 0.0825098 0.56713 0.748444 0.715311 0.235187 0.335214 -1.50068 -0.405963 -0.522319 -0.177542 0.177473 0.122067 -0.193943 0.243516 -0.46578 -0.259414 0.0352584 -0.0976401 -0.00227253 0.667757 -0.946954 -0.105108 -0.0229971 -0.788653 -0.250941 -0.398437 -0.0890003 0.228207 0.102467 -0.403447 0.145216 -0.209423 -0.300008 -0.220232 -0.078793 0.0080929 0.505637 0.0592404 -0.401343 -0.190438 -0.259696 -0.272572 -0.351019 -0.101515 0.249477 0.0664923 -0.45365 0.132126 -0.0855487 -0.172965 -0.325567 0.0338394 0.143009 0.240936 -0.0363607 -0.482438 -0.257914 -0.14125 -0.172593 -0.264661 -0.0169081 0.245629 0.0277769 -0.488058 0.148067 -0.00656925 -0.10106 -0.247378 -0.00334968 0.0175339 -0.0527091 0.0513457 -0.275844 -0.382215 -0.255621 -0.0573385 -0.182648 0.0166905 0.236264 0.145737 -0.383835 0.192454 0.185042 -0.00975646 -0.35715 -0.0550333 -0.271826 -0.283596 0.0211151 -0.178559 -0.146813 -0.525906 -0.081791 -0.265613 -0.0886597 0.176761 0.253022 -0.334765 0.1389 0.232693 0.0573029 -0.401191 -0.281035 -0.313441 -0.188111 0.254101 0.0328947 -0.371467 -0.580245 -0.177043 -0.424966 -0.394559 -0.0236806 0.712713 0.0386779 0.142049 0.374056 0.154771 -0.370122 -0.45836 -0.190061 -0.223297 -1.87222 -1.06686 -0.860109 1.02121 -0.294523 -0.683305 -0.615152 -0.84632 0.506938 0.25366 -0.132484 0.217316 0.0952679 0.44133 0.342335 0.241627 -0.386209 1.99107 -0.933156 -2.25472 0.999918 -0.273094 -0.178915 0.231834 0.636718 -0.644115 -0.20336 0.262489 0.0915533 -0.419619 -0.807103 0.205188 0.117273 -0.016094 -0.840168 2.06422 -1.80484 -0.557505 0.846306 -0.155453 0.240953 0.502219 -0.209492 0.148521 -0.0271531 -0.211324 -0.115319 -0.273187 0.0010156 -0.23259 -0.473884 -0.578564 -1.40646 -0.769016 -0.465744 -0.253275 -0.0829997 0.182851 0.173723 -0.218876 -0.0594691 -0.247932 -0.190732 -0.0832873 -0.223283 -0.162205 -0.0854981 -0.419576 0.00246759 0.085664 -0.548736 -0.506177 -0.489994 -0.177588 0.0959258 0.14634 -0.139479 -0.0525577 -0.277392 -0.124195 -0.133792 -0.129705 -0.166412 -0.0668747 -0.362313 -0.0160739 -0.0263246 -0.391878 -0.522109 -0.642733 -0.248683 -0.0724142 -0.0548113 -0.10829 -0.0279033 -0.364104 -0.157263 -0.136917 -0.0486914 -0.118424 -0.043406 -0.152728 0.0221567 0.0502389 -0.556428 -0.350217 -0.553686 -0.400456 -0.35023 -0.355717 -0.0920909 -0.0104561 -0.388259 -0.0196197 -0.106802 -0.0460306 -0.0362303 0.080738 0.00557422 0.115676 0.00481569 -0.77091 -0.622366 -0.135355 -0.490469 -0.480625 -0.564051 -0.00902227 0.108162 -0.32292 0.00372602 -0.182541 0.086981 -0.0461086 0.0426082 0.0934462 0.115818 -0.173768 -0.0631305 -1.00332 -0.393604 -0.434815 -0.541891 -0.671558 0.315918 0.501656 -0.0772641 0.187353 0.0407562 0.323103 -0.0539668 -0.725332 -0.0541202 -0.367637 0.411313 0.133022 -0.506404 -1.13755 -0.380074 -0.729883 -0.974989 -0.0384239 0.43235 0.136557 0.624244 0.107411 0.150937 -0.533019 -1.15876 -0.0862917 0.69061 -0.285294 -1.54614 2.2721 -1.70428 -1.70498 -0.232568 -0.692988 0.182576 0.22496 1.28277 0.662317 -0.229048 -0.578739 -0.178356 -0.7826 0.157327 -0.361468 -0.598202 1.03547 -1.22489 -0.0266247 0.100398 0.260759 0.552636 0.0553514 -0.227697 0.247267 -0.0964041 -0.142891 -0.0617129 -0.40425 -0.659084 -0.231208 0.157981 -0.816747 -0.26589 -0.657425 -0.256447 -0.283561 0.0438212 -0.035618 -0.398239 -0.179653 0.0827642 -0.0565599 0.0740711 -0.146113 -0.14658 -0.101129 -0.000982517 0.141302 -0.215538 0.178311 -0.52635 -0.361147 -0.359838 0.0360809 -0.0842917 -0.494765 -0.305631 -0.040644 0.0125233 0.0683223 -0.240946 -0.103368 -0.06906 0.0168421 0.0868866 -0.0293422 0.00709364 -0.447354 -0.359864 -0.352577 0.18628 -0.0628197 -0.581391 -0.425002 -0.168656 0.0565279 0.0281084 -0.184949 -0.113469 -0.156482 0.037215 -0.070612 0.213695 0.0686772 -0.482001 -0.183332 -0.536141 0.117531 0.133925 -0.389742 -0.256725 -0.207014 -0.105437 -0.0159122 -0.224758 -0.156689 -0.225969 -0.041239 -0.282338 0.489461 -0.0186497 -0.434318 -0.0842437 -0.671731 0.109707 0.355643 -0.0951286 -0.0544461 -0.268812 -0.217094 -0.216902 -0.258884 -0.203019 -0.404793 -0.118507 -0.48808 0.58012 -0.125047 -0.093326 -0.676248 -0.373273 0.994517 1.1925 0.840242 0.192103 -0.723287 -0.488025 -0.375625 -0.040648 -0.321296 -0.860949 -0.593115 -1.30147 0.256493 -0.240753 -0.39871 -2.21412 1.38481 0.218525 0.0407276 1.67259 1.06182 -0.199579 0.697483 -0.168517 -0.0565632 -0.567297 -0.529604 -0.875427 -2.09678 -0.389793 1.34538 -1.21425 -0.152513 1.17581 -0.712768 0.260442 0.275949 0.33922 0.348412 -0.102271 0.151598 0.0196427 -0.249385 -0.24523 -0.0324403 -0.307803 -0.180805 -0.115675 -1.01058 -0.09569 0.840487 -0.431754 0.233431 0.18579 0.232638 0.160145 -0.224888 -0.174312 -0.0819199 -0.0832426 -0.125267 0.104048 -0.0926335 -0.127046 0.067174 0.340134 0.00509764 0.465414 -0.136042 0.276755 0.251678 0.207028 -0.0168491 -0.178097 -0.222205 -0.099511 -0.00388043 -0.0202871 0.11389 -0.0421203 -0.0317326 0.0398401 0.0436065 0.133939 0.268265 -0.145617 0.247018 0.231897 0.159601 -0.0297797 -0.188153 -0.145129 -0.090211 0.0368762 -0.109321 0.133116 -0.0525324 0.00624193 0.136742 0.120066 0.289924 0.0169902 -0.0350668 0.204143 0.195594 0.11846 -0.0676844 -0.137173 -0.163053 -0.0319815 0.0387262 -0.0696488 0.0254126 -0.0923144 0.0557532 0.100816 0.17818 0.259686 0.0217764 -0.0789155 0.235718 0.184297 0.128561 -0.133259 -0.135925 -0.0886463 -0.0218196 0.0716452 -0.0852399 -0.0026576 -0.067709 0.0287495 0.18188 0.0151004 0.256007 0.0490766 -0.060836 0.25252 0.204806 0.153199 -0.236151 -0.123239 -0.0809892 -0.0870541 0.124206 -0.0888295 -0.0448875 -0.0286608 0.0480344 0.181619 0.0832257 0.306191 -0.0777853 -0.0037908 0.25156 0.300949 0.157967 -0.213316 -0.165615 -0.0778904 -0.0307341 0.167883 -0.00911511 -0.0252741 -0.0820331 0.110676 0.0774522 0.710575 0.319595 -0.0961902 0.156155 0.319605 0.386003 0.47583 0.115742 -0.0369687 -0.02764 0.00186301 0.0763319 -0.11841 -0.212688 -0.242069 0.349527 -0.751035 1.06249 0.336225 -0.723145 -0.91811 -0.334831 -0.418631 -0.431464 0.173954 0.465929 0.334701 -0.610825 0.217044 0.30129 -0.197527 -0.911965 -0.526373 -0.534282 0.160584 -2.25468 -0.488546 0.116366 -1.6268 -0.421965 -0.670254 -0.2043 0.396503 0.414207 -0.532795 0.194741 0.481066 -0.0877429 -0.271919 -0.478969 -0.547434 -0.370726 0.95749 -0.36003 -0.766475 -0.788285 -0.345034 -0.561735 -0.283676 0.0284676 0.246656 -0.354046 -0.0404794 0.154614 0.0591799 -0.0622823 -0.212671 0.0350889 -0.359181 0.111731 -0.581207 -0.849005 -0.595375 -0.31872 -0.547367 -0.28468 -0.161247 0.127266 -0.278012 -0.130555 -0.0155727 0.0417978 -0.0466086 -0.187738 0.154542 -0.348228 0.0735943 -0.736522 -0.695121 -0.602317 -0.244237 -0.413755 -0.1604 -0.261921 0.0658594 -0.0846638 -0.180829 -0.0912276 0.0529373 -0.126354 -0.264933 0.0288918 -0.320505 -0.0274895 -0.590384 -0.832727 -0.510274 -0.194418 -0.369887 -0.184994 -0.433261 -0.0264983 0.0353429 -0.174956 -0.113391 0.0110783 -0.103809 -0.298096 -0.0193863 -0.13825 -0.0908213 -0.475535 -0.790421 -0.688355 -0.238669 -0.419959 -0.173443 -0.55882 0.0338411 0.258097 -0.285035 -0.137431 -0.0232519 -0.121895 -0.463514 -0.0920764 0.0479037 -0.35145 0.0348823 -0.105208 -1.91577 -0.270343 -0.371005 -0.127051 -0.364973 0.336917 0.457468 -0.497376 -0.221153 -0.13755 0.187794 -0.466452 -0.299338 -0.150346 -0.350389 -1.10598 0.739336 -1.65154 -0.267901 -0.403595 0.0963782 -0.133978 0.300887 0.51903 -0.611195 -0.824991 -0.717665 0.854945 0.453456 -0.279925 -0.983508 2.77173 -1.95664 -1.33176 -0.77779 2.34459 0.151334 -0.00577368 -0.0689402 -0.155141 0.93157 -0.665682 -0.454569 -0.163685 0.212463 -0.13678 0.569317 -0.0751437 0.158082 0.349119 -0.60972 0.96326 -0.143664 0.194097 0.658973 0.184325 0.239963 0.502231 -0.377756 0.0511404 0.149319 -0.0234872 -0.0398992 -0.250987 -0.495965 -0.439774 -0.361647 -0.15686 0.259107 0.25301 0.16178 0.443914 0.210234 0.280147 0.0975548 -0.171237 -0.0989495 -0.0159973 -0.143123 -0.0507865 0.0161958 -0.176893 0.0199188 0.0571584 -0.171591 0.0330905 0.410975 0.128324 0.310821 0.203879 0.168705 0.0236587 -0.114013 -0.102835 -0.0168682 -0.120297 -0.0702769 0.0490232 -0.103598 0.041175 -0.0871238 -0.100212 0.160636 0.325504 -0.103348 -0.061347 -0.0352513 0.0702792 0.0364564 0.0433296 0.212482 0.0069623 -0.105917 0.0222379 0.0368352 -0.0752429 0.177201 0.0160992 -0.172963 0.168533 0.202866 -0.339658 -0.277688 -0.310283 0.113278 0.0677299 0.177216 0.405367 0.143142 -0.0956808 0.0203238 0.172994 -0.0657175 0.274619 0.0582564 -0.19672 0.0225657 0.458942 -0.635068 -0.367971 -0.381946 0.154254 0.00165861 0.0806855 0.447046 0.238359 0.00520846 0.212121 0.211262 -0.118484 0.392463 -0.0234646 0.0499865 -0.367056 0.548561 0.0299875 0.100124 -0.537873 0.190053 -0.176376 -0.149463 0.468491 0.578982 0.264011 0.599243 -0.141342 -0.409368 -0.480111 0.504282 -0.821708 0.569042 0.533624 0.0407328 -0.599079 -0.865537 0.403573 0.158849 0.00314627 -0.355474 0.565862 0.251639 0.600633 0.197361 -0.0236045 -0.236407 -1.07291 0.252013 -0.700281 -0.149841 0.17608 -0.403269 -0.418218 -0.572373 -0.561757 -0.148246 -0.0882021 -0.0789856 -0.0418472 0.252981 0.278688 0.473671 0.36026 0.22144 -0.133095 -0.415769 -0.313777 0.00168022 -0.234417 -0.204573 -0.328789 -0.313395 -0.112642 -0.0506295 -0.0143818 -0.0820937 0.184363 0.2284 0.276782 0.043046 -0.0354585 -0.472816 -0.311481 -0.221365 -0.136005 -0.0872184 -0.149805 -0.227712 -0.177226 -0.0505869 0.0412025 -0.0424491 -0.0526006 0.14313 0.192402 0.203904 -0.0733622 -0.290606 -0.267215 -0.191012 -0.249578 -0.169014 -0.0915203 -0.1306 -0.147545 -0.175936 -0.0507293 0.0215949 -0.0234667 0.00492886 0.150939 0.196698 0.20678 -0.0688456 -0.399222 -0.290361 -0.202512 -0.170868 -0.211134 -0.122389 -0.15091 -0.194646 -0.190879 -0.0497316 -0.0342254 -0.0430315 0.00681558 0.0866917 0.184395 0.119941 -0.139389 -0.426631 -0.185298 -0.189768 -0.23896 -0.230848 -0.126879 -0.160656 -0.203107 -0.126412 -0.0566788 0.0157664 -0.0595907 0.0260148 0.13767 0.216772 0.192502 -0.139821 -0.389819 -0.198123 -0.108064 -0.234759 -0.273891 -0.115329 -0.0890365 -0.195296 -0.189008 0.00949607 0.0113213 0.00619277 -0.0444578 0.168938 0.157402 0.197675 -0.0618537 -0.39149 -0.18415 -0.0460182 -0.186857 -0.358565 -0.119892 -0.207699 -0.276444 -0.290208 -0.086146 -0.0579875 0.0289457 0.0172431 0.10599 0.17474 0.26383 -0.0422654 -0.122741 -0.24993 0.0215335 0.034556 -0.761771 -0.312499 -0.338235 -0.526761 -0.539987 -0.104266 0.0196924 0.00411928 0.0498726 0.0927893 0.243485 0.294222 -0.0490763 0.564203 -0.634285 -0.685043 -0.462446 1.00367 0.699823 0.0955888 -0.562136 0.888932 0.562629 0.530966 1.03165 0.242184 -0.0266207 -0.071933 -1.44945 -0.24389 0.133524 0.25537 -0.93191 -0.0969273 0.813921 0.620437 0.247935 1.19981 0.837857 0.431757 0.215077 0.0364255 -0.00979184 -0.201801 -1.02541 -0.857626 0.22586 0.539954 -0.159176 -0.214367 0.7734 0.370669 0.277933 -0.149809 0.191954 0.180694 0.105843 -0.195623 0.0755299 0.432873 0.499835 -0.126163 -0.426071 0.0777186 0.226773 0.410605 -0.125559 0.617555 0.282612 0.40193 -0.182724 -0.0271857 0.155184 0.00319493 -0.251184 0.213195 0.392742 0.453706 0.116744 -0.340084 0.236343 0.20087 0.342645 0.0650636 0.509771 0.392347 0.480957 -0.122798 -0.0248478 0.125836 -0.0107344 -0.294082 0.168094 0.362595 0.352978 0.258241 -0.253258 0.331435 0.103653 0.31654 -0.0238744 0.433594 0.26368 0.62196 -0.367649 -0.124295 0.0915014 0.0845136 -0.124961 0.0897695 0.331943 0.437378 0.302328 -0.294303 0.461791 0.130211 0.362677 0.0202021 0.345973 0.188339 0.707322 -0.673948 -0.29711 0.0244702 0.0723302 0.063912 0.125727 0.506459 0.577583 0.430693 -0.370486 0.401477 0.0911419 0.337753 0.0737508 0.63406 0.629658 0.132659 0.616753 0.313877 0.18162 0.33771 0.423234 0.208701 0.216845 -0.148702 -0.214637 -0.913991 0.0887876 0.11681 0.130305 0.0879634 0.0355863 1.43463 -0.153234 -0.492839 -2.18245 -0.19204 -0.0595131 0.533137 1.81848 1.68366 0.715068 0.540067 -0.864354 -0.927025 -0.178179 0.923154 -0.941093 1.28973 -0.106281 -0.575867 0.261372 -0.265555 -0.375861 -0.480896 -0.441037 -0.0708084 -0.130483 -0.0764924 0.0850927 0.327108 0.18442 0.336027 0.250782 0.24041 0.488574 -0.0272746 -0.554742 0.206384 -0.164316 -0.264633 -0.380269 -0.249798 -0.0637664 -0.00407694 -0.0275604 0.0119102 0.213808 0.0761151 0.213001 0.171095 0.152936 -0.33112 -0.129481 -0.329513 -0.0189586 -0.214114 -0.256037 -0.292087 -0.14555 -0.047422 0.00924679 -0.0155394 0.0268373 0.102263 0.0828858 0.0576621 0.0804317 0.00916447 -0.320133 -0.0785236 -0.170236 -0.0747858 -0.199496 -0.160753 -0.261195 -0.165816 -0.0159287 0.039563 0.0519935 0.057185 0.131265 0.0506431 0.103975 0.074353 0.00353528 -0.202829 -0.224634 -0.0434653 -0.181238 -0.173033 -0.221616 -0.303546 -0.106578 0.0125171 0.0185233 0.0611231 0.0330276 0.196665 0.102577 0.0589813 0.0509886 -0.00715554 -0.319107 -0.233584 -0.00810568 -0.14252 -0.159772 -0.231753 -0.262594 -0.142266 0.000331173 0.0437772 0.000605835 0.0510742 0.121699 0.111552 0.101433 -0.0014247 -0.0947244 -0.249278 -0.199508 -0.0241671 -0.183159 -0.19786 -0.164539 -0.270945 -0.0880394 0.0159104 -0.0368332 0.0246329 -0.000676379 0.139953 0.0593062 0.106709 -0.0160708 -0.0534538 -0.20013 -0.202229 0.027432 -0.251506 -0.176844 -0.186858 -0.338556 -0.143906 0.0297538 0.03706 0.037535 0.0400621 0.129403 0.182642 0.154164 -0.0319421 -0.11403 0.0211129 -0.121711 0.0157002 -0.312129 -0.284297 -0.285684 -0.437554 -0.302878 -0.0512114 -0.00185551 0.0616765 0.0639622 0.212098 0.261797 0.266702 -0.0865131 0.289556 0.0622522 -0.364451 1.37541 3.76518 3.67349 -3.1347 4.78742 4.19676 1.60227 2.24361 -3.71876 2.07967 3.79688 3.5837 2.01395 2.20974 -2.78738 1.84538 2.38221 1.33422 3.64897 0.83199 -1.78772 
